71.830813
72.835668
75.87239
78.915031
81.403047
81.565115
83.14971
84.22037
84.592979
85.285254
87.300265
93.402827
95.425683
98.31257
101.416433
101.543959
101.558835
102.687269
103.283136
103.298885
103.629051
104.361628
104.563733
104.881624
105.003879
105.025865
105.166883
105.234028
106.116777
106.766044
107.588096
107.634758
107.701326
107.918227
107.991798
108.670425
109.98392
110.17074
110.333075
110.357669
110.462274
111.779817
111.969723
112.357191
112.693741
113.057
113.115243
113.369125
113.396431
113.504749
113.635399
113.866723
114.066283
114.117392
114.163856
114.794327
114.799507
115.448597
115.461173
115.547641
115.646221
115.842279
115.887698
116.02872
116.192021
116.572752
116.84961
116.937429
117.070538
117.159754
117.216234
117.237157
117.269755
118.501374
118.704371
118.777594
118.821382
119.247313
119.254244
119.569348
119.783749
120.120633
120.20677
121.694493
121.76121
122.239022
122.8869
123.080339
123.098406
123.515635
123.708683
124.199935
124.69658
124.759747
125.100142
125.21717
125.236801
125.247812
125.310644
125.832034
125.912597
126.059005
126.172323
126.238694
126.676314
129.411888
130.869301
131.087608
131.103369
131.124411
131.343362
131.395565
131.774935
132.279041
132.329314
132.443333
133.651948
133.837304
133.982587
133.988756
134.053407
134.180438
134.266964
134.381155
134.464274
134.499837
134.667859
134.977558
134.989316
135.347335
135.560238
135.68533
135.800782
136.03525
136.10611
137.26574
137.443248
138.757607
139.551816
139.622275
139.721888
139.724319
139.869093
140.458081
140.720878
140.84381
140.95885
141.946705
142.664241
142.850271
143.145989
143.169625
143.310909
143.660614
144.30937
144.44836
144.605357
144.798734
145.092411
145.268484
145.334064
145.377776
145.431156
145.781421
146.305419
146.435177
146.461607
146.522108
146.641696
147.011278
147.488141
147.828519
148.062281
148.222
148.2459
148.263604
148.305307
148.441232
148.453479
149.078248
149.159154
149.209664
149.375398
149.483641
149.505283
149.674908
149.687444
149.741974
150.138715
150.292026
150.441934
150.905796
150.925065
151.434921
151.53852
151.943675
152.022043
152.120242
152.141371
152.143917
152.242478
152.287395
152.329491
152.575633
152.795131
153.101809
153.110032
153.137066
153.329895
153.491095
153.886091
154.053138
154.063214
154.155651
154.181788
154.494459
154.558866
154.606065
154.966413
155.285886
155.419957
155.565148
155.714144
155.738249
156.114952
156.273683
156.577404
156.606894
156.632301
156.758711
157.499676
157.529241
157.588551
157.604134
158.011114
158.149343
158.151537
158.460816
158.5323
158.644179
158.825009
159.007038
159.072573
159.243612
159.504839
159.539201
159.728654
159.846986
160.010839
160.605954
161.385999
161.405512
161.451955
161.486494
161.647653
161.876017
162.24428
162.611053
162.667128
162.860757
163.125995
163.300284
163.44426
163.524002
163.651746
163.7732
163.922481
164.460714
165.329149
165.91154
166.120342
166.414636
166.612982
167.023757
167.17036
167.324689
167.864167
168.14905
168.726277
168.740991
169.054709
169.430742
169.83485
169.915831
170.220792
170.260787
170.409279
170.528798
170.536405
170.601003
171.192838
171.319164
171.489361
171.825264
171.965185
172.116788
172.390159
172.714153
173.027617
173.042811
173.044074
173.293694
173.321002
173.746797
173.860612
174.375678
174.567808
174.651741
174.83378
174.914282
175.199942
175.313803
175.367326
175.481506
175.48176
175.883137
176.026063
176.195768
176.362563
176.627553
177.08202
177.175683
177.22852
177.520224
177.650658
178.05562
178.644516
178.656733
178.759617
178.860294
179.186483
179.311785
179.540363
179.780342
180.154919
180.295291
180.338603
180.472349
181.00376
181.243217
181.679154
181.939325
182.684964
182.763345
183.203733
183.209442
183.506629
183.735684
183.849963
183.900596
184.123245
184.28327
184.526638
184.869876
184.928809
185.330345
185.513335
185.772381
185.836845
185.942183
186.179147
186.190635
186.34576
186.472706
186.491607
186.600684
186.664308
186.774497
187.71366
187.876194
188.177075
188.313423
188.385325
188.869462
188.889581
189.401793
189.55117
190.327926
190.754124
190.861639
191.101766
191.435477
192.012175
192.120438
192.124357
193.100052
193.507434
193.610977
193.74242
193.758455
193.892528
193.925488
194.2448
194.576098
194.65303
194.780809
194.878429
195.044231
195.789401
195.87529
195.946919
197.024002
197.095914
197.445845
197.551796
197.629836
198.471272
198.51279
198.55811
198.560892
198.575071
198.720478
199.58905
199.662649
200.393923
200.419369
201.042525
201.413099
201.44831
201.945788
202.03391
202.348767
202.439256
202.933401
203.492803
203.544658
204.010557
204.129272
204.832152
204.850153
204.975832
205.27128
205.394882
205.422355
205.514354
205.557748
205.802937
206.150658
206.225123
206.226561
206.413284
206.430659
206.465606
207.546797
207.84243
208.110164
208.466096
209.27077
209.391241
209.656353
210.270595
210.313965
210.671113
210.782725
210.934654
211.035515
211.149675
211.265465
212.00848
212.332731
212.982184
213.370478
213.598716
213.728075
213.804036
213.886723
214.127088
214.327947
214.480854
215.435031
216.146175
216.267632
216.386564
216.401005
216.430085
216.654482
216.756842
216.758611
216.796877
216.889669
216.944166
217.635479
217.896028
218.079516
218.179092
218.416603
218.543197
218.569654
218.611532
219.158332
219.618497
220.041842
220.668434
220.772742
220.864604
221.060396
221.515033
221.853377
221.99363
222.383288
222.425108
223.019478
223.132034
223.572386
223.734478
223.781597
224.052707
224.133799
224.367536
224.397915
225.72257
225.734884
226.328853
226.420013
226.477264
226.523813
226.838954
227.180612
227.30991
227.638007
227.769027
228.412677
229.493404
229.787368
229.845204
231.363103
231.6573
232.08372
232.489611
233.387188
233.43386
233.78752
234.177557
234.572337
234.969
235.114117
235.598215
235.654228
235.679312
236.012236
236.499569
236.869809
237.028219
237.164527
237.380626
237.411644
237.582041
237.861431
237.93441
238.232125
238.237567
238.621136
238.850379
238.929883
239.090328
239.217615
239.487671
240.508482
240.556836
241.050861
241.310917
241.645445
241.656955
242.283828
242.485807
242.52287
243.27594
244.040807
244.701444
244.754794
244.781204
244.880115
244.934959
245.001807
245.33852
246.52339
246.696699
247.052568
247.166932
247.229934
247.885956
248.047992
248.076881
248.285686
248.288971
248.702968
249.492123
249.573885
249.665497
249.760783
249.90706
249.928555
250.405402
251.353257
252.141947
252.489217
252.983061
253.442071
253.512005
253.537701
253.608927
253.769462
253.838724
254.414098
254.419716
254.514034
254.754489
254.793105
254.876389
255.259125
255.424419
255.464615
255.690945
255.850159
256.052554
256.07134
256.206575
256.487668
256.536696
256.656296
256.667422
256.823797
256.828095
256.845702
257.102887
257.183302
257.520976
257.819448
258.166612
258.574483
259.470747
259.591428
259.911809
260.447997
260.691029
261.314615
261.818617
262.11204
262.225802
262.358836
262.872722
262.976427
263.610958
263.628494
264.170846
264.196609
264.277445
264.829125
265.408639
265.575326
266.683445
267.394712
267.742954
268.287196
269.182014
269.350976
270.096541
270.877034
271.254114
271.364706
271.75404
271.833019
272.466869
273.044868
273.175629
273.389119
274.278075
274.363888
274.367199
274.810643
275.639802
275.891551
275.947392
275.994351
276.303813
276.916398
277.490784
277.775612
277.957679
277.992625
278.086725
278.210372
278.359258
278.471715
279.06076
279.415955
279.481273
279.594304
280.016383
281.015505
281.302837
281.375056
281.65921
282.449591
282.495505
282.775214
283.078529
283.234747
283.400763
283.666796
284.778634
284.875863
285.176854
285.19586
285.212029
285.33004
285.507213
286.135887
286.586479
286.661118
286.675644
286.902868
286.915182
287.527806
287.590031
287.626703
287.837002
287.847991
287.953103
288.069469
288.685678
288.703944
289.262974
289.291485
289.786328
289.859702
290.152199
290.176476
290.432009
290.950202
291.083819
291.145514
291.237613
291.367562
291.494042
292.536658
292.631144
293.258838
293.652998
293.93926
294.585321
294.590275
294.708662
294.741252
294.881786
294.965769
295.181265
296.004165
296.034305
296.173178
296.447583
296.693719
297.557566
297.561889
298.138502
298.437616
298.560614
298.663914
299.212464
299.449623
300.116569
300.586113
300.84016
300.970624
301.551448
301.57953
301.926626
302.046919
302.109592
302.358527
302.622577
302.728906
302.748983
303.355323
303.474366
303.587454
304.066908
304.175022
305.304861
305.626495
305.66436
306.047077
306.193315
306.3221
306.715126
306.780067
306.782137
307.553808
307.740892
307.90912
307.923165
308.185825
308.299312
308.610524
309.311627
309.53077
309.763422
309.936968
309.997021
310.061908
310.287181
310.333919
310.48893
310.887459
311.497491
311.696282
311.762533
311.783739
312.103659
312.919523
312.952186
312.964732
313.108487
313.296658
313.353325
313.368933
313.487147
313.527141
313.618956
313.698034
313.970504
314.475453
314.524038
314.752341
314.889324
315.013798
315.4528
315.660308
315.76649
315.773365
315.808017
316.255766
316.345972
316.819834
316.84561
317.337805
317.676448
317.772931
318.19932
318.386816
318.698894
318.762046
318.76211
319.767425
320.372393
320.752364
320.784261
320.890751
321.122767
321.256489
321.363941
321.566882
321.712249
321.989934
322.324024
322.373579
322.491359
322.953899
323.172351
323.342568
323.684157
323.881197
323.922063
324.975355
325.683462
326.378507
327.269903
327.61485
327.885895
328.012581
328.584903
328.624883
328.946183
328.968112
329.548078
329.662088
329.692973
330.121173
330.464424
330.914358
331.88726
332.369657
332.463406
332.697156
333.539867
333.848058
333.871557
333.903055
334.675133
334.770398
334.790961
335.160768
335.247014
335.67107
336.118608
336.454397
336.740001
336.744888
336.852668
336.914288
337.441027
337.580028
338.809645
338.868705
340.353713
340.757889
341.589255
342.347709
342.412937
342.634017
343.668621
344.152451
344.410662
344.913521
344.951646
345.147148
345.77034
345.950836
346.000082
347.237257
347.49135
347.957349
348.008387
348.5181
348.753025
349.103843
349.334114
349.339427
349.860445
350.025805
351.182225
351.623349
351.8641
351.905701
352.175171
352.564785
353.177589
353.849453
354.194331
354.280084
354.607048
354.732921
354.90083
354.989408
355.721988
355.904293
356.064211
356.883587
356.931591
357.170747
357.429238
357.765154
357.799523
357.975568
358.062617
358.063248
358.09338
358.837959
359.181055
359.930754
359.975604
359.992838
361.162898
361.453139
362.231562
362.348936
362.350868
362.638694
363.32225
363.509798
363.716054
364.364566
364.388995
364.817714
366.284825
366.30179
366.562518
366.798277
366.891104
368.029324
368.068709
368.273001
368.444478
368.473766
368.933476
369.209546
369.222565
369.26179
370.520809
370.943972
371.12171
371.54247
371.999354
372.09875
372.235696
372.271552
372.588955
372.77399
375.615468
376.06446
376.410409
376.712337
378.265086
378.404342
378.970519
380.644428
380.692777
380.787897
381.040016
381.882162
382.058288
382.311198
382.744587
383.466611
383.850141
384.131928
384.704135
385.655116
385.684057
385.798378
387.055236
387.681032
389.490499
389.605938
389.667651
390.279702
390.493711
390.594195
390.836882
390.854611
390.909073
391.021056
391.254299
392.033302
392.039574
392.263205
392.387023
392.682278
392.80091
393.097665
393.968131
394.177521
394.673001
394.717736
395.232444
395.393589
395.761583
395.762502
395.800216
395.870563
395.910014
396.097374
396.194031
396.199084
397.636882
397.798511
397.984662
398.928647
399.029507
399.098109
399.199038
399.458663
399.685926
400.257315
400.45989
400.781584
400.79523
401.149214
401.301948
402.025719
402.063827
402.129342
402.40778
402.430256
402.955496
402.958234
403.040076
403.074363
403.41053
403.517077
403.648953
404.357564
404.707223
405.169087
405.205889
405.356951
405.389107
406.926051
407.545133
408.087924
409.339945
409.738901
409.952947
410.638971
411.4687
412.011906
412.289203
412.378011
412.74021
412.937782
413.371815
413.610638
413.665626
413.857123
414.679643
415.010096
415.056797
415.876072
415.989082
416.252725
416.813929
417.768523
417.803168
418.235562
418.40709
418.449352
419.433345
419.687607
419.857707
420.13331
420.19119
420.276935
420.90841
421.6372
421.775897
421.93548
422.858826
423.007127
423.615622
423.655047
424.113997
424.53871
425.510952
426.056371
426.37635
426.839636
427.571494
427.768373
427.807907
427.882883
428.261463
428.283698
428.413822
429.786409
430.006967
430.474775
431.048411
431.050805
431.718843
432.055224
433.195639
433.763752
433.810512
434.070525
434.282653
434.702876
435.471925
436.082259
436.191612
436.588144
436.641836
437.261748
437.566352
437.609925
437.9566
438.534531
438.667111
438.860899
438.959665
439.226225
440.160084
440.406079
440.762017
440.907637
441.051835
441.183586
441.185767
441.618073
441.687432
442.354253
442.793601
443.018862
443.090713
443.43855
444.287391
444.700332
445.15636
445.421269
445.581838
445.905027
446.143054
446.452407
447.120229
447.127753
447.16782
448.568997
448.829628
448.987361
449.680467
449.901206
450.145361
450.222959
450.305354
450.830656
450.960794
451.429557
452.342968
452.405526
452.437615
452.94775
453.627602
453.655829
454.721436
454.884299
454.884502
454.902951
455.32517
455.330638
455.361191
455.364247
455.597134
456.717489
456.842611
457.029235
457.414212
457.828573
457.838703
457.908308
458.101527
458.523631
458.626807
458.71108
458.712388
458.997395
459.777127
459.926211
460.652401
460.675077
460.798988
460.841834
461.236077
461.450118
461.610042
461.796433
462.197323
462.221758
462.76048
463.013387
463.46547
463.72987
463.847117
464.016344
464.393752
464.921054
465.016296
465.128511
465.217694
465.55087
465.658052
466.753502
466.983515
467.05795
467.251641
467.299821
467.617939
467.748598
468.012876
468.045412
468.342036
468.429653
468.692912
468.822413
469.075207
469.10052
469.242211
469.403968
469.87785
470.021045
470.071835
470.419563
470.430527
471.10925
471.361612
471.36268
471.53544
472.201619
472.537898
472.598818
472.737066
473.254912
473.311544
473.35822
474.012183
474.449471
474.716689
474.737236
474.929512
474.962437
475.267127
475.668403
475.749983
475.958387
476.035475
476.597272
476.658473
476.747811
477.132757
477.540027
478.321332
478.361972
478.440513
478.457445
478.562592
479.006206
479.018624
479.158747
479.251736
479.449756
480.00242
480.142883
480.157375
480.403917
480.623028
480.627982
480.914397
481.065952
481.450314
481.803539
481.907312
482.339967
482.530375
484.075701
484.351514
484.647892
484.917944
485.137392
485.144353
485.250979
485.35426
485.450547
485.662863
485.816959
485.843185
486.139642
486.74622
486.993439
487.047062
487.090662
487.099358
487.303239
487.713035
488.541837
489.008217
489.744254
489.985623
490.117698
490.724155
491.283837
491.552715
491.578627
491.937492
492.92481
492.939184
493.246308
493.630974
494.08086
494.45398
495.666937
495.700364
495.812258
496.062206
496.167716
496.177239
498.034276
498.300015
498.51163
498.550392
499.712986
499.876848
500.545316
500.604033
500.671125
500.721684
501.320634
502.102821
502.67688
503.002726
504.35457
504.432428
504.840186
505.099258
505.240212
505.587375
505.802301
505.862751
506.838985
506.839
506.950052
507.118044
507.445486
507.529856
507.613077
508.256561
508.906685
509.017009
509.994486
510.475737
510.575352
510.870315
511.052661
511.055045
511.388118
511.964553
512.386368
512.93486
513.02308
513.289887
513.333495
513.529879
513.595398
513.604462
513.638467
514.207176
514.210235
514.653464
514.767816
514.983535
514.993676
515.558798
515.79463
515.815758
515.916855
516.152151
516.285189
516.359598
516.385453
516.602479
516.60798
517.263418
517.670453
518.067297
518.290259
518.46955
518.837162
519.574649
519.654797
519.662669
519.951241
520.284027
520.804
521.143785
521.762704
521.907714
521.998446
522.420821
522.455143
522.547392
522.617984
522.74099
523.324442
523.424293
523.695124
524.75777
524.816619
524.922374
525.109112
525.877045
526.361325
526.410765
527.015319
527.32933
527.430636
527.718599
528.438999
528.617272
528.81537
528.871234
529.0528
529.170557
529.285765
529.297775
529.331545
529.772609
529.774539
531.46264
531.463873
531.768361
531.985203
532.021294
532.17731
532.550714
533.202602
533.813468
534.191971
536.77351
536.808533
537.799276
538.021229
538.164558
539.171721
540.425069
541.133381
541.72502
541.999183
542.378147
543.103708
543.433013
543.434282
543.555975
543.904177
544.185043
544.204501
544.212305
545.052965
545.231373
547.169975
547.391278
547.701873
547.800359
548.069384
548.567161
548.859127
549.232347
549.771333
549.819544
550.087377
550.104525
550.147527
550.413901
550.549882
550.979869
551.76568
556.683517
557.101563
557.381597
557.607287
557.706414
557.706816
557.860058
558.005337
558.234251
559.284478
559.303579
559.859974
560.069134
560.350188
561.381476
562.637062
563.306854
563.33243
563.517789
564.379005
564.441192
565.169243
565.264383
565.428641
565.778695
566.255392
567.735602
567.864864
568.158381
568.261209
568.3715
568.701559
569.353181
569.709771
569.84983
570.195945
570.371983
570.464517
570.798648
571.895255
571.934047
572.5944
572.742841
572.787157
572.811659
573.027989
573.354796
573.40852
573.420279
573.559531
573.920557
573.996161
574.055511
574.062432
574.088083
574.150639
574.315756
574.902633
574.953248
575.025884
575.183073
575.31776
575.479554
575.628803
575.819883
576.27716
576.640746
576.850381
576.894167
577.278463
577.32763
577.738713
577.805023
578.026057
578.796268
578.868202
579.260011
579.884949
580.035037
580.573623
580.637351
580.666453
581.108487
581.224869
581.301025
581.313202
581.374329
581.620221
581.705974
581.787912
581.822714
583.339323
583.407798
584.482486
584.500327
584.584423
584.734932
584.925144
585.173066
585.196251
585.880603
586.020701
586.362008
586.399017
586.611706
586.859042
587.147715
587.206124
587.506435
587.536811
587.543057
587.840079
587.972396
588.322243
588.363061
588.649616
588.672026
588.727638
588.844184
589.265522
589.32975
589.643122
590.672304
590.753713
591.352136
591.360402
591.441405
592.061805
592.344872
592.811679
593.017057
593.293326
593.305678
593.355301
593.534384
593.822998
593.966924
594.037514
594.397233
594.412677
594.551393
594.646045
595.048703
595.369799
595.380705
595.498406
595.916336
597.001404
597.574286
597.876675
597.932764
598.136903
598.30218
598.692666
599.77927
600.348219
600.822652
600.857531
600.868907
600.902392
601.051434
601.289369
601.488068
601.836543
601.854011
601.956768
602.594859
602.671143
602.689435
602.949141
603.171961
603.403061
603.533758
604.227794
604.2286
604.322188
604.471884
604.659561
605.087922
605.183394
605.242775
605.390525
605.413766
605.509578
605.707544
606.519234
607.09122
607.244815
607.316949
607.328898
607.632214
607.94534
608.1012
608.160374
608.172904
608.465367
608.606027
608.783414
608.840462
608.937237
610.117228
610.600026
610.653675
611.10792
611.195658
611.260907
611.394218
611.424595
611.448073
611.559335
611.974273
612.561568
613.125799
613.176129
613.341654
614.137522
614.795324
615.452822
615.521886
615.6782
615.974146
617.845891
617.848321
618.343907
618.402709
618.827226
618.902526
619.121884
619.1572
619.752836
619.831971
620.411781
620.526624
620.651363
620.712532
621.510381
622.138747
622.467401
622.752914
623.265162
623.35889
623.978571
624.05903
624.09121
624.169989
625.018346
625.076325
625.222715
625.520294
626.991308
628.153334
628.32901
628.413719
628.656206
628.906892
629.019645
629.030429
629.3082
629.355609
629.565264
629.565631
630.005771
630.431964
631.116088
631.156621
631.519844
632.062842
632.175597
632.281648
632.699908
632.705191
632.820439
633.884912
634.523826
634.579171
634.944937
634.983818
635.276005
635.805039
636.175842
636.663612
636.938752
637.671041
637.76784
638.01119
638.236357
638.808187
639.223526
639.265725
639.576407
639.879341
640.360673
642.201101
642.769785
643.018542
643.179714
643.517099
643.562283
644.167863
644.509365
644.608972
644.790245
644.842863
645.256118
645.349016
645.618003
645.66961
645.930056
646.126364
646.151449
646.777867
646.800876
647.167251
647.206026
647.380688
647.528246
648.050586
648.152343
648.207771
648.643166
649.620052
649.691017
649.866551
649.889792
649.949877
650.01284
650.329246
650.513794
650.760401
651.072203
651.271607
651.717028
651.843377
652.305408
652.406366
653.268404
653.663867
653.850676
654.004325
654.174824
654.783102
654.788429
655.223309
655.665803
655.788821
655.882888
656.213982
657.423921
657.429559
657.640484
658.047399
658.074517
658.191424
658.680079
659.372387
659.418228
659.830146
660.082845
660.225966
660.666195
660.71391
660.794979
661.682429
662.260646
662.599884
663.078358
663.180714
663.366662
663.978741
664.015585
664.105535
664.194452
664.57532
664.768909
665.079687
665.211641
665.321736
665.54507
665.652359
666.100278
666.389497
667.43383
667.960362
668.350645
668.463083
668.776629
669.042036
669.527618
669.572091
669.643015
669.831055
670.126482
670.228629
670.452974
670.603882
671.081798
671.271426
672.109742
673.511302
673.584332
674.487678
674.523637
674.711222
675.121593
675.422352
675.437706
675.606236
675.930281
677.221946
678.220416
678.674908
679.102532
679.339341
679.506653
679.806972
679.957743
679.966287
680.462089
680.473377
681.307516
681.327138
681.922263
682.253413
682.35782
682.400389
682.405538
682.719376
682.793918
683.528154
683.999723
684.05127
684.272087
684.539168
684.708198
684.765813
685.151572
685.318136
685.618509
685.655787
685.762798
685.944711
686.428456
686.556694
686.891525
687.074224
687.268596
687.30158
687.387108
688.563342
688.568665
688.592162
688.914922
689.07559
689.289399
689.372066
689.800744
690.117711
690.156395
690.392931
690.513056
690.739088
690.825344
690.903657
690.936908
692.658286
692.692807
692.869454
693.96937
694.262402
694.358897
694.485105
694.551364
694.947666
695.366531
695.488426
695.629517
695.879941
696.235115
696.503186
696.77192
697.032437
697.167021
697.316257
697.520262
697.523133
697.726085
697.931388
698.186456
698.356091
698.487369
699.222548
700.175262
700.532553
700.779726
701.093
701.207517
701.403007
701.677549
701.781567
701.828865
701.97955
702.257101
702.282287
702.814245
702.828906
703.344521
703.563015
704.539466
704.748891
704.900491
705.15018
706.077554
707.057595
707.492446
707.642171
707.6646
710.43278
710.474798
710.766235
711.902796
712.230668
712.360732
712.627865
713.026294
713.662364
713.820099
713.969605
713.977238
714.18015
714.328677
714.612643
715.039812
715.058188
715.174017
715.698984
715.733018
716.000268
716.297436
716.608634
716.781537
716.891796
716.9216
717.139713
717.696583
717.859902
717.966188
718.017859
718.037891
718.295998
718.647524
719.002829
719.138709
719.45661
719.722544
719.978901
720.770141
720.842247
721.148271
722.026179
722.498972
723.196525
723.266802
723.379878
723.981307
724.068655
724.528526
724.546985
724.98125
725.1979
725.223429
725.489284
725.966891
726.431009
727.264957
727.944604
728.496521
728.656669
728.878676
728.88453
728.940469
729.603975
730.023703
730.217764
730.458366
731.658937
732.199731
732.21713
732.35897
732.467277
732.702575
732.759387
732.833709
732.930738
733.298355
733.970595
734.0001
734.066858
734.344867
734.997486
735.267553
735.572985
735.593618
735.838174
735.996725
736.039865
736.279222
737.198945
737.504374
737.928227
738.170228
738.864367
738.963835
738.981183
739.082444
739.381095
739.723572
739.792891
739.859836
740.813178
740.824395
741.152599
741.346812
741.883994
742.105848
742.391341
742.470189
743.048436
743.669149
744.208084
745.57703
746.228248
747.735325
749.267845
749.292151
750.080857
750.430355
751.802947
751.892533
752.535734
753.466672
754.444839
755.103732
755.51112
756.412411
756.817358
757.870758
758.563156
758.852179
758.950362
759.001785
759.170694
759.435494
759.699133
761.14011
761.624849
762.931045
763.029459
764.344417
764.528781
765.571312
765.709809
765.713026
765.755611
767.68856
768.336598
768.353582
768.422794
768.518512
769.315555
769.329533
769.421612
769.974246
770.01291
770.016193
770.440338
770.693582
770.801394
771.462136
771.507203
772.00521
772.40013
772.576717
772.722278
772.822869
772.920018
773.202905
773.445053
773.642129
774.550542
774.924463
774.958685
774.988073
775.079946
775.108462
775.664475
775.715177
776.36865
776.715049
776.891029
777.339675
778.279569
778.283738
778.556054
779.060301
779.182009
779.642448
779.894206
780.350849
780.399386
780.604498
780.865792
780.908717
781.945674
781.967858
782.219411
782.63564
782.724824
782.798501
782.9154
782.964723
783.224816
783.489317
783.783952
784.782771
784.966212
785.0094
785.750009
785.891764
785.988338
786.062582
786.126708
786.176972
786.203343
786.271069
787.180179
787.418561
787.741128
787.846578
788.021313
788.164739
788.387373
788.804435
788.987625
789.013627
789.172839
789.36336
789.916878
790.012317
790.538592
790.554947
790.678635
791.374887
791.525806
791.792079
792.341209
792.593512
792.65535
792.730024
793.449544
793.486609
793.843865
794.098583
795.095855
795.485989
795.964383
796.325205
796.965029
797.012284
797.292053
797.56538
797.636701
798.394439
798.567362
798.630365
798.785441
799.539431
800.445885
800.687644
800.966354
801.860832
801.942885
802.924236
802.94449
803.977742
804.027413
804.374221
804.827189
804.917049
804.95535
804.980876
805.133296
805.164969
805.302616
805.682854
805.987004
806.208004
806.692256
806.777601
806.987991
807.014162
807.193917
807.337851
807.766817
808.207749
808.291769
808.604023
809.075397
809.096892
809.436524
809.945611
810.050489
810.344796
810.532213
811.188529
811.350163
811.503837
811.763903
811.862145
812.250238
812.373035
813.061375
813.34033
813.368871
813.789898
813.795875
814.026088
814.258723
814.355813
814.704677
815.739076
815.79677
816.090755
816.161873
816.2945
816.500057
816.690651
816.853728
817.219836
817.283443
818.600744
818.969298
819.314643
821.085607
821.422172
822.370857
822.383907
822.609489
823.304753
824.088327
824.494377
825.249941
825.341566
826.953019
827.322889
827.356314
827.537621
828.27752
828.703304
829.142449
829.791873
831.265365
831.572557
831.803234
833.261687
833.771923
835.219472
836.259913
836.325216
836.38332
837.446843
837.574144
837.693171
838.303383
840.036365
841.175888
841.887442
841.898204
842.129108
842.634516
842.669026
843.076817
843.24642
843.320442
843.327389
843.596624
844.020947
844.71752
845.67653
845.698612
846.28533
847.009355
847.49919
848.376883
848.65299
848.873959
848.953444
849.270979
849.314828
850.427137
850.553805
851.155287
853.462372
853.958092
854.089192
854.344377
854.982656
855.602636
855.653918
855.919165
855.950994
856.117475
856.212222
856.935904
857.246925
857.552541
858.378364
859.039757
859.118437
859.505061
859.663235
859.914717
860.10912
860.285067
860.320883
860.514488
860.882491
861.384905
861.585146
862.1133
863.07085
863.39183
863.44383
864.206143
866.361878
867.096146
867.209822
867.769705
870.471426
870.820292
871.483377
871.538081
872.689471
872.713631
873.512163
873.554916
874.116568
874.567965
875.444511
875.49176
875.658457
875.815926
876.260289
876.481613
876.785491
877.681713
877.810058
877.847793
877.881121
879.186413
879.385669
879.55004
879.581708
879.601514
879.706986
880.181016
880.630864
880.96934
881.159762
881.861105
881.955991
881.992777
882.299725
883.029921
883.080063
883.093982
883.19288
883.258395
883.274853
883.478952
883.830239
883.976116
884.041617
884.160908
884.406236
884.559661
884.623861
884.80814
884.928716
885.223777
885.558089
885.753659
885.777503
886.143943
886.625613
887.224688
887.329857
887.870648
887.937328
887.944793
887.988415
887.995163
888.042965
888.071172
888.654221
888.987652
889.303544
890.077025
891.346775
892.32511
892.505457
893.58504
893.663155
895.632489
896.603158
896.941901
897.167049
897.59944
897.748273
898.608692
899.062732
899.532707
899.54549
899.84227
899.899906
900.115458
900.787757
900.915795
901.710081
901.799818
902.543561
903.738091
903.851492
904.018205
904.059886
904.069604
904.122105
904.917818
904.928564
906.017018
906.168598
907.066581
907.453767
908.512896
909.522095
909.771481
909.859097
910.162013
910.229926
910.725686
912.968261
913.174494
913.235383
914.331444
914.677936
914.941349
914.959164
914.961812
915.338253
915.579524
915.746008
916.343953
917.399279
918.008923
918.773383
918.918016
919.719867
919.880944
919.952917
920.00764
920.025001
920.441261
921.113482
921.294941
921.64602
923.9421
924.211502
925.412998
926.570313
928.103343
928.855725
929.477547
929.898474
929.984149
930.104714
930.177429
930.223159
931.004232
931.424459
931.503895
931.809594
932.242222
932.398995
932.468752
932.622122
932.873598
933.684401
933.890295
934.038872
934.55153
934.563592
934.719683
934.78833
935.99575
936.742336
937.544039
938.311712
938.886275
939.136067
939.245746
939.477791
939.712763
939.862954
939.947947
940.155489
940.71474
940.784633
941.483142
941.557947
944.066787
944.251801
944.889646
946.184475
946.264595
946.435477
946.461009
947.052295
947.349913
948.777649
952.391776
952.988298
953.823932
954.060204
954.24388
954.876775
956.324808
956.904012
956.957786
957.194157
957.229007
957.49497
958.317915
959.156048
959.6676
959.882535
960.192661
960.299705
960.434801
962.280025
962.295239
963.029696
963.330056
963.550133
965.08363
966.20561
966.68599
967.788651
968.628566
968.754386
969.019031
969.04632
969.215962
969.579639
970.288256
970.794855
971.461587
971.561677
971.805429
972.386877
972.539567
973.435596
973.668957
975.14683
976.256272
976.602139
977.80476
978.758244
979.64216
980.316334
980.78125
982.069402
982.17104
982.4024
983.15026
984.292969
984.653439
984.758293
989.090592
989.555538
990.762201
992.060504
993.23769
993.342707
994.65774
994.973288
996.081788
996.130614
996.227206
996.657156
997.18888
997.335034
999.494843
1000.61783
1003.068046
1003.534066
1003.662145
1004.36118
1005.072666
1005.388174
1006.265124
1006.506815
1007.624642
1007.969735
1008.001262
1008.202581
1008.313774
1008.980521
1009.234332
1009.289067
1009.468786
1009.642249
1010.286197
1011.574954
1011.856254
1012.362474
1012.734853
1013.091659
1013.117773
1013.842874
1014.942151
1015.59124
1015.698839
1016.502504
1017.10067
1018.248441
1020.664485
1020.742793
1022.220123
1022.322
1022.640696
1022.688001
1023.941336
1025.203312
1025.716467
1025.83064
1025.940655
1026.198004
1026.492552
1026.872218
1028.871361
1028.942292
1029.052837
1029.970073
1032.043882
1032.249775
1032.87831
1034.881243
1035.021005
1035.04552
1036.38488
1036.707618
1036.958981
1037.141343
1039.148381
1039.36401
1041.11554
1041.260629
1041.651571
1042.087139
1044.35391
1045.608457
1045.964272
1046.310925
1046.670181
1046.993297
1047.292068
1048.962808
1049.187634
1049.203765
1049.357984
1050.288106
1052.950704
1053.182773
1053.960599
1056.528928
1057.358085
1057.769274
1057.988523
1058.416489
1059.71764
1060.165093
1060.662956
1061.04975
1061.848661
1062.258202
1062.687715
1063.246869
1063.586838
1063.655805
1064.031117
1064.571682
1065.427912
1066.296106
1066.304309
1066.694279
1067.46856
1068.820419
1069.211543
1070.348541
1070.407975
1071.080081
1071.415567
1073.270778
1073.775154
1073.930655
1074.047848
1074.810311
1076.348813
1076.835861
1077.020952
1077.319401
1079.545369
1079.623746
1080.146991
1080.939631
1081.001432
1081.56796
1082.878928
1084.703239
1085.263797
1086.12642
1086.224522
1086.406478
1086.591382
1088.053495
1088.73461
1090.810323
1091.26859
1091.68034
1093.242283
1093.854733
1102.237282
1103.449982
1111.581565
1112.647972
1115.564931
1115.750486
1115.785536
1117.650352
1118.30417
1118.354686
1120.447342
1121.324644
1121.749854
1121.765234
1122.514646
1122.961071
1124.03943
1124.853444
1125.116076
1125.389641
1126.90394
1127.272153
1127.328721
1128.169391
1128.633311
1128.778995
1130.080263
1131.772868
1132.447234
1132.927322
1133.918725
1133.963988
1135.817205
1136.138949
1136.192956
1136.451756
1137.300482
1140.560493
1142.497788
1144.346623
1145.123555
1146.048001
1146.146666
1148.527959
1150.673606
1150.941089
1151.382475
1151.536593
1151.667824
1152.046406
1153.536453
1155.533096
1155.903088
1157.053931
1157.094202
1160.40588
1160.414434
1162.423465
1163.584314
1165.046722
1165.101397
1165.526782
1166.220127
1166.480715
1170.760921
1170.9773
1171.471339
1173.185222
1173.876747
1174.901955
1177.342711
1178.387595
1181.219313
1183.934734
1185.213225
1185.897305
1189.930803
1192.417955
1192.967583
1193.121292
1193.485616
1193.842806
1194.160477
1194.540057
1195.292589
1196.931068
1197.296411
1197.396142
1197.523297
1199.388119
1199.502669
1199.513274
1201.974767
1202.209258
1202.797431
1203.068088
1203.779111
1206.271784
1207.137475
1209.900385
1211.695943
1212.218398
1218.467989
1219.167969
1220.168686
1220.339558
1224.230759
1224.54897
1225.316545
1231.386894
1232.489397
1233.111933
1238.210928
1239.513086
1241.782062
1243.69205
1245.343848
1245.416104
1250.180552
1250.221738
1250.256249
1250.701136
1250.8291
1250.856266
1250.894425
1251.36444
1251.416372
1251.811061
1251.854853
1251.973845
1252.714495
1252.910677
1253.343825
1253.670781
1253.790482
1255.896159
1259.464614
1259.900555
1260.844418
1261.077364
1261.20094
1261.630733
1261.965247
1264.428952
1264.722933
1265.101106
1269.450785
1269.768403
1274.944244
1275.598427
1276.714924
1278.045733
1278.279611
1279.637411
1284.032723
1285.312356
1286.227158
1287.265022
1288.03099
1288.956125
1289.217252
1290.1429
1291.138102
1291.779252
1291.939558
1292.09575
1292.137786
1292.207174
1292.981933
1294.152077
1296.102332
1301.660084
1304.373873
1305.154517
1306.078599
1306.166721
1308.441587
1312.049678
1312.564184
1313.695872
1314.582904
1314.853207
1317.208693
1317.540752
1317.987766
1318.077692
1318.899587
1319.765494
1320.597683
1321.270159
1321.779511
1322.921993
1326.556229
1326.781013
1326.809635
1326.957315
1326.96222
1327.552113
1327.865871
1328.51942
1328.822413
1329.53738
1332.651519
1337.476631
1338.359572
1338.622247
1341.525092
1345.774492
1350.060039
1350.279145
1351.546571
1352.032037
1352.121658
1355.236697
1356.053908
1356.404992
1358.703043
1359.469542
1363.089721
1363.185239
1363.761199
1364.368473
1365.076529
1365.511627
1374.118565
1376.526162
1384.037961
1386.812751
1387.246513
1392.593537
1393.831151
1395.855964
1397.890733
1400.126782
1402.65549
1402.890589
1403.132005
1403.437118
1406.572428
1407.778296
1408.416584
1408.744449
1411.815799
1412.79928
1413.122267
1413.490571
1414.262685
1414.905583
1416.742765
1424.39138
1432.383827
1432.510655
1432.630134
1432.859921
1432.916359
1432.923456
1433.83132
1434.098571
1434.151274
1435.259999
1435.966655
1436.120278
1436.196808
1437.370957
1439.279971
1439.328
1439.812343
1440.002106
1440.83427
1441.294917
1441.43318
1441.507783
1443.033656
1443.234997
1443.250516
1444.415729
1444.975544
1447.834673
1449.111123
1449.909085
1451.542989
1451.59385
1451.960485
1452.709724
1452.793729
1453.392503
1453.562168
1454.77498
1457.473419
1461.274952
1462.922196
1465.112095
1465.877286
1465.948505
1466.269008
1467.229187
1470.541268
1473.782487
1476.242524
1477.434912
1483.321767
1485.227229
1486.194867
1486.201188
1488.585414
1492.91503
1496.186434
1497.5237
1497.578963
1504.815449
1506.342853
1511.396777
1518.770668
1521.252991
1523.164308
1523.379244
1525.459321
1531.990711
1537.481814
1542.5198
1544.810961
1545.373116
1549.064002
1556.459854
1558.071509
1560.218869
1562.181198
1566.192191
1572.649176
1576.668652
1578.617054
1580.403804
1582.516092
1582.654513
1582.965627
1583.826983
1584.782553
1587.460392
1589.007572
1589.025576
1589.607923
1589.768252
1592.147404
1592.611555
1595.063834
1596.483957
1598.307386
1598.788847
1599.117829
1599.417765
1600.229201
1604.57351
1604.612051
1610.229728
1613.032567
1613.627268
1614.434765
1615.576703
1615.677917
1616.801215
1622.045945
1628.774697
1645.728108
1676.585172
1686.297691
1699.465719
1728.227958
1734.765961
1742.435586
1751.205206
1754.8225
1764.108434
1766.194049
1766.434426
1770.549305
1772.905561
1773.169849
1775.603145
1782.427365
1783.326343
1785.777538
1787.5951
1788.978133
1789.164616
1789.478706
1792.088951
1793.359398
1794.221581
1794.253416
1796.181754
1797.490022
1798.690203
1799.127454
1800.375473
1800.561598
1802.690933
1803.311259
1803.418368
1803.70896
1808.684342
1811.021233
1812.150511
1813.063997
1817.126781
1818.443291
1825.018324
1834.630749
1841.192572
1841.966621
1842.388798
1843.596588
1845.228321
1846.596183
1846.706648
1847.073983
1853.577756
1854.874837
1857.660027
1861.808957
1865.541142
1866.372847
1867.554889
1868.742335
1870.065
1871.05844
1872.925081
1875.871689
1880.220776
1881.096203
1883.673796
1886.854559
1887.389355
1887.512586
1888.623347
1889.231378
1890.06154
1891.362439
1894.858494
1895.652122
1899.576072
1902.21108
1906.757196
1908.607255
1915.55528
1915.784589
1916.339101
1917.54296
1917.621874
1919.548489
1919.754151
1921.588239
1921.740749
1921.800374
1922.843284
1923.157
1923.609483
1924.10254
1925.285722
1926.427055
1928.276773
1929.022257
1930.598709
1931.337863
1931.413641
1934.613967
1935.757333
1944.319264
1945.358902
1949.421339
1950.305199
1959.715677
1964.006652
1966.322435
1967.261231
1973.142438
1974.424268
1976.519697
1979.226379
1980.288619
1983.605154
1984.988658
1988.002516
1990.479663
1993.060375
1999.247604
2003.101988
2004.616238
2014.970216
2027.564171
2042.752659
2045.733254
2045.908808
2048.901454
2049.371891
2049.378218
2052.907027
2057.186963
2059.048851
2059.959859
2060.347143
2061.514786
2062.861554
2064.479781
2064.742947
2074.348914
2082.654901
2082.741034
2087.681583
2088.081095
2093.402061
2093.408959
2103.24433
2103.25283
2107.543704
2231.075
2232.954532
2234.299376
2251.673272
2295.025868
2295.709929
2302.853255
2310.044245
2326.040989
2326.574727
2329.290369
2332.360637
2339.911139
2355.945775
2356.153553
2359.834827
2362.024771
2374.854563
2376.00331
2377.982434
2384.993372
2388.940968
2389.573372
2389.618384
2397.458343
2398.691271
2400.112208
2408.639798
2425.754796
2427.240623
2434.692427
2445.183245
2445.564573
2470.48124
2471.997845
2473.138029
2473.675752
2475.052139
2477.140776
2477.967797
2478.3814
2481.019773
2484.391959
2485.251486
2485.665115
2486.7031
2487.527807
2487.815739
2488.38114
2489.041281
2489.074876
2490.091157
2490.332572
2490.796203
2492.150752
2494.816831
2495.21171
2496.176885
2496.383917
2496.459899
2498.186038
2498.302672
2498.707945
2499.204813
2499.703428
2501.414631
2503.050509
2505.879144
2508.12945
2509.760523
2510.144191
2510.193166
2510.442016
2510.774602
2516.647279
2523.865093
2527.151493
2529.313807
5352.007146
5356.133959
5365.444223
5371.19704
5374.026928
5374.783498
5374.965252
5375.765362
5376.820026
5378.383808
5380.18514
5381.014471
5381.123972
5381.181898
5381.536965
5381.834533
5382.633419
5383.46237
5383.522331
5384.470054
5384.745183
5385.187333
5386.16678
5386.170615
5388.57069
5388.757315
5389.130447
5389.447803
5389.779426
5389.9498
5389.950641
5390.216955
5392.063458
5392.516045
5393.069565
5396.361095
5397.187248
5398.99175
5399.04191
5400.566871
5400.646029
5401.721157
5401.924556
5402.931994
5403.337705
5403.64974
5405.294294
5406.227715
5406.880516
5408.824887
5420.55274
5427.311811
5435.959653
5441.093419
5449.752594
5449.837856
5450.617137
5461.186157
5469.250229
5471.826174
5472.348847
5473.72037
5478.926125
5651.603893
5655.394536
5662.480353
5690.992222
5700.509069
5735.76913
5742.748635
5745.344132
5746.194062
5748.572083
5752.193806
5756.581776
5759.521644
5760.090458
5771.489213
5773.471742
5776.046653
5777.974791
5779.234117
5779.462891
5780.045587
5780.941665
5781.040984
5786.114441
5793.227395
5804.343332
5809.806871
5813.051402
5813.412819
5814.120143
5815.180055
5815.864877
5819.976256
5827.095149
5865.001575
5894.214564
5897.429848
5902.428883
5905.809586
5906.520403
5906.658581
5908.735787
5909.275094
5910.012412
5914.212233
5922.283543
5925.405207
5947.785355
5971.025264
5979.93263
6001.318345
6003.105288
6004.24316
6011.402358
6025.534265
6072.269986
6088.598627
6183.026702
6194.370429
6194.80071
6239.161322
6239.336423
6244.168016
6246.900056
6247.398428
6249.370864
6308.995127
6319.083548
6320.198641
6320.340263
6322.292364
6322.719608
6356.288336
6386.005512
6390.16819
6406.832916
6475.556671
6482.019666
6514.185526
6516.944647
6525.953552
6527.892062
6527.958288
6544.32712
6562.432288
6562.801167
6562.833645
6564.55652
6569.943821
6573.44492
6573.487387
6582.582872
6584.103313
6586.709609
6588.159018
6588.468484
6593.256914
6598.900133
6611.73322
6611.736067
6613.196776
6615.411092
6633.718472
6636.710227
6646.572677
6647.327106
6657.801503
6661.959449
6667.16415
6667.917727
6669.264659
6676.50003
6677.94206
6678.396486
6684.3658
6690.16742
6692.476822
6698.065543
6700.828025
6701.895396
6705.636466
6706.626832
6709.123404
6709.385609
6713.942487
6714.045289
6721.009961
6725.761515
6746.466198
6750.362087
6755.056842
6757.762201
6758.009293
6761.188139
6763.044569
6770.732391
6781.702247
6787.604973
6789.475955
6791.850629
6792.911442
6801.286429
6804.301767
6806.008998
6816.867423
6824.102544
6831.360734
6838.133359
6839.315232
6844.733402
6845.541719
6845.710176
6850.319675
6850.686372
6857.957746
6860.521857
6863.567793
6864.591879
6872.47133
6887.128251
6889.222752
6891.134126
6898.224313
6899.208607
6901.103702
6902.749042
6911.562492
6914.110144
6918.478559
6926.226302
6928.15174
6931.456236
6945.196498
6946.988488
6948.233386
6952.074535
6954.653322
6968.883276
6969.715699
6979.028856
6979.453964
6981.284853
6988.662794
6992.155438
7005.088265
7010.514629
7031.380928
7033.830738
7037.781469
7040.445805
7047.86654
7048.941248
7061.301315
7069.050198
7073.095459
7076.407793
7078.153389
7083.51304
7086.159536
7102.903217
7124.999609
7127.681395
7134.618101
7135.361416
7152.522364
7159.004375
7178.967721
7253.1333
7254.852045
7257.269209
7257.285905
7261.963444
7268.499458
7293.565662
7306.425204
7316.100986
7317.885597
7327.519707
7328.498742
7331.632679
7332.085836
7332.324981
7333.726595
7342.369377
7343.582069
7345.258769
7361.461665
7366.391249
7669.634051
7672.437845
7675.652465
7678.410285
7697.08232
7764.527896
7765.605357
7766.168917
7767.625327
7775.343232
7781.94949
7782.510618
7783.848719
7805.595341
7807.007459
7811.034147
7816.095899
7817.7189
7819.076984
7827.381056
7830.115066
7841.320077
7854.584079
7857.436095
7859.030285
7862.748006
7878.458266
7912.923642
7916.596786
7924.297282
7925.418778
7925.79086
7926.566125
7928.437984
7932.803616
7938.014874
7939.994231
7944.335604
7948.727828
7949.554183
7949.90764
7962.503315
7967.25264
7967.903536
